                    ID    Temp_m  Generation  Irradiance  Capacity       Lat       Lon     Angle  Irradiance_m      Temp
ID            1.000000  0.347663    0.077783    0.242568 -0.108251 -0.207750 -0.190730 -0.023649      0.010447  0.612640
Temp_m        0.347663  1.000000    0.277820    0.626893 -0.016755 -0.288304  0.227693  0.018623      0.260190  0.639889
Generation    0.077783  0.277820    1.000000    0.604657  0.648951  0.236459  0.232304 -0.074055     -0.361511  0.318639
Irradiance    0.242568  0.626893    0.604657    1.000000 -0.066601 -0.122484 -0.124462  0.058354      0.251974  0.509820
Capacity     -0.108251 -0.016755    0.648951   -0.066601  1.000000  0.527741  0.525184 -0.256215     -0.714262 -0.092431
Lat          -0.207750 -0.288304    0.236459   -0.122484  0.527741  1.000000  0.988225 -0.529541     -0.616079 -0.239890
Lon          -0.190730  0.227693    0.232304   -0.124462  0.525184  0.988225  1.000000 -0.514272     -0.592857 -0.201751
Angle        -0.023649  0.018623   -0.074055    0.058354 -0.256215 -0.529541 -0.514272  1.000000      0.335141  0.153078
Irradiance_m  0.010447  0.260190   -0.361511    0.251974 -0.714262 -0.616079 -0.592857  0.335141      1.000000  0.130136
Temp          0.612640  0.639889    0.318639    0.509820 -0.092431 -0.239890 -0.201751  0.153078      0.130136  1.000000